,Unnamed: 0,country,iso_code,date,total_vaccinations,people_vaccinated,people_fully_vaccinated,daily_vaccinations_raw,daily_vaccinations,total_vaccinations_per_hundred,people_vaccinated_per_hundred,people_fully_vaccinated_per_hundred,daily_vaccinations_per_million,vaccines,source_name,source_website
0,4309,Curacao,CUW,2021-03-29,15406,0,4203,,0,11.95,9.39,2.56,0.0,"Moderna, Pfizer/BioNTech",Government of Curacao,https://bakuna.cw/
1,4310,Curacao,CUW,2021-03-30,20485,15755,4730,876.0,876,12.48,9.6,2.88,5338.0,"Moderna, Pfizer/BioNTech",Government of Curacao,https://bakuna.cw/
2,4311,Curacao,CUW,2021-03-31,21412,16126,5285,,902,13.05084539148879,9.828971267660576,3.221264613021589,5497.0,"Moderna, Pfizer/BioNTech",Government of Curacao,https://bakuna.cw/
3,4312,Curacao,CUW,2021-04-01,22339,16498,5841,,910,13.61,10.05,3.56,5545.0,"Moderna, Pfizer/BioNTech",Government of Curacao,https://bakuna.cw/
4,4313,Curacao,CUW,2021-04-02,23788,17487,6300,,1045,14.499043068033597,10.65851547547938,3.839918081747589,6368.0,"Moderna, Pfizer/BioNTech",Government of Curacao,https://bakuna.cw/
5,4314,Curacao,CUW,2021-04-03,25238,18477,6760,,1126,15.382833737642168,11.261931174039717,4.120293052795826,6862.0,"Moderna, Pfizer/BioNTech",Government of Curacao,https://bakuna.cw/
6,4315,Curacao,CUW,2021-04-04,26687,19467,7219,,1180,16.266014896444116,11.865346872600051,4.400058513037436,7191.0,"Moderna, Pfizer/BioNTech",Government of Curacao,https://bakuna.cw/
7,4316,Curacao,CUW,2021-04-05,28137,20457,7680,,1218,17.15,12.47,4.68,7422.0,"Moderna, Pfizer/BioNTech",Government of Curacao,https://bakuna.cw/
8,4317,Curacao,CUW,2021-04-06,30206,22031,8175,2069.0,1389,18.41,13.43,4.98,8464.0,"Moderna, Pfizer/BioNTech",Government of Curacao,https://bakuna.cw/
9,4318,Curacao,CUW,2021-04-07,32330,23497,8833,2124.0,1560,19.7,14.32,5.38,9506.0,"Moderna, Pfizer/BioNTech",Government of Curacao,https://bakuna.cw/
10,4319,Curacao,CUW,2021-04-08,34130,24613,9517,1800.0,1684,20.8,15.0,5.8,10262.0,"Moderna, Pfizer/BioNTech",Government of Curacao,https://bakuna.cw/
11,4320,Curacao,CUW,2021-04-09,36866,26645,10221,2736.0,1868,22.47,16.24,6.23,11383.0,"Moderna, Pfizer/BioNTech",Government of Curacao,https://bakuna.cw/
12,4321,Curacao,CUW,2021-04-10,40648,29990,10658,3782.0,2201,24.77,18.28,6.49,13413.0,"Moderna, Pfizer/BioNTech",Government of Curacao,https://bakuna.cw/
13,4322,Curacao,CUW,2021-04-11,43740,32640,11100,,2436,26.66000268184755,19.894432728292276,6.765569953555277,14845.0,"Moderna, Pfizer/BioNTech",Government of Curacao,https://bakuna.cw/
14,4323,Curacao,CUW,2021-04-12,46833,35290,11543,,2671,28.545219606743625,21.509636365852767,7.035583240890861,16277.0,"Moderna, Pfizer/BioNTech",Government of Curacao,https://bakuna.cw/
15,4324,Curacao,CUW,2021-04-13,49926,37940,11986,,2817,30.42,23.12,7.3,17166.0,"Moderna, Pfizer/BioNTech",Government of Curacao,https://bakuna.cw/
16,4325,Curacao,CUW,2021-04-14,53519,41117,12402,3593.0,3027,32.61,25.06,7.56,18446.0,"Moderna, Pfizer/BioNTech",Government of Curacao,https://bakuna.cw/
17,4326,Curacao,CUW,2021-04-15,58175,45386,12789,4656.0,3435,35.45,27.66,7.79,20932.0,"Moderna, Pfizer/BioNTech",Government of Curacao,https://bakuna.cw/
18,4327,Curacao,CUW,2021-04-16,61031,47915,13116,2856.0,3452,37.19,29.2,7.99,21036.0,"Moderna, Pfizer/BioNTech",Government of Curacao,https://bakuna.cw/
19,4328,Curacao,CUW,2021-04-17,64447,50876,13571,3416.0,3400,39.27,31.0,8.27,20719.0,"Moderna, Pfizer/BioNTech",Government of Curacao,https://bakuna.cw/
20,4329,Curacao,CUW,2021-04-18,66603,53013,13589,,3266,40.595248253751535,32.31199639169603,8.282642351248889,19902.0,"Moderna, Pfizer/BioNTech",Government of Curacao,https://bakuna.cw/
21,4330,Curacao,CUW,2021-04-19,68760,55151,13609,,3132,41.9,33.61,8.29,19086.0,"Moderna, Pfizer/BioNTech",Government of Curacao,https://bakuna.cw/
22,4331,Curacao,CUW,2021-04-20,71973,57681,14292,3213.0,3150,43.86,35.15,8.71,19196.0,"Moderna, Pfizer/BioNTech",Government of Curacao,https://bakuna.cw/
23,4332,Curacao,CUW,2021-04-21,74839,59842,14997,2866.0,3046,45.61,36.47,9.14,18562.0,"Moderna, Pfizer/BioNTech",Government of Curacao,https://bakuna.cw/
24,4333,Curacao,CUW,2021-04-22,77687,62322,15365,2848.0,2787,47.34,37.98,9.36,16984.0,"Moderna, Pfizer/BioNTech",Government of Curacao,https://bakuna.cw/
25,4334,Curacao,CUW,2021-04-23,80356,64686,15670,2669.0,2761,48.97,39.42,9.55,16825.0,"Moderna, Pfizer/BioNTech",Government of Curacao,https://bakuna.cw/
26,4335,Curacao,CUW,2021-04-24,84016,67614,16402,3660.0,2796,51.2,41.2,10.0,17038.0,"Moderna, Pfizer/BioNTech",Government of Curacao,https://bakuna.cw/
27,4336,Curacao,CUW,2021-04-25,84716,68206,16510,700.0,2588,51.62,41.56,10.06,15771.0,"Moderna, Pfizer/BioNTech",Government of Curacao,https://bakuna.cw/
28,4337,Curacao,CUW,2021-04-26,86781,68723,18058,2065.0,2574,52.88,41.88,11.0,15686.0,"Moderna, Pfizer/BioNTech",Government of Curacao,https://bakuna.cw/
29,4338,Curacao,CUW,2021-04-27,89193,69788,19405,2412.0,2460,54.35,42.53,11.83,14991.0,"Moderna, Pfizer/BioNTech",Government of Curacao,https://bakuna.cw/
30,4339,Curacao,CUW,2021-04-28,89746,69977,19769,553.0,2130,54.69,42.64,12.05,12980.0,"Moderna, Pfizer/BioNTech",Government of Curacao,https://bakuna.cw/
31,4340,Curacao,CUW,2021-04-29,93919,71645,22274,4173.0,2319,57.23,43.66,13.57,14132.0,"Moderna, Pfizer/BioNTech",Government of Curacao,https://bakuna.cw/
32,4341,Curacao,CUW,2021-04-30,95693,72248,23445,1774.0,2191,58.31,44.03,14.29,13352.0,"Moderna, Pfizer/BioNTech",Government of Curacao,https://bakuna.cw/
33,4342,Curacao,CUW,2021-05-01,97496,72855,24641,1803.0,1926,59.41,44.4,15.02,11737.0,"Moderna, Pfizer/BioNTech",Government of Curacao,https://bakuna.cw/
34,4343,Curacao,CUW,2021-05-02,97504,72861,24643,8.0,1827,59.42,44.4,15.02,11133.0,"Moderna, Pfizer/BioNTech",Government of Curacao,https://bakuna.cw/
35,4344,Curacao,CUW,2021-05-03,100527,73347,27180,3023.0,1964,61.26,44.7,16.56,11968.0,"Moderna, Pfizer/BioNTech",Government of Curacao,https://bakuna.cw/
36,4345,Curacao,CUW,2021-05-04,102803,74294,28509,2276.0,1944,62.65,45.27,17.37,11846.0,"Moderna, Pfizer/BioNTech",Government of Curacao,https://bakuna.cw/
37,4346,Curacao,CUW,2021-05-05,105720,75555,30165,2917.0,2282,64.42,46.04,18.38,13906.0,"Moderna, Pfizer/BioNTech",Government of Curacao,https://bakuna.cw/
38,4347,Curacao,CUW,2021-05-06,106971,76031,30940,1251.0,1865,65.19,46.33,18.85,11365.0,"Moderna, Pfizer/BioNTech",Government of Curacao,https://bakuna.cw/
39,4348,Curacao,CUW,2021-05-07,107586,76260,31325,,1699,65.57482964172955,46.48129411334463,19.09292601757829,10353.0,"Moderna, Pfizer/BioNTech",Government of Curacao,https://bakuna.cw/
40,4349,Curacao,CUW,2021-05-08,108202,76490,31712,,1529,65.94,46.61,19.32,9317.0,"Moderna, Pfizer/BioNTech",Government of Curacao,https://bakuna.cw/
41,4350,Curacao,CUW,2021-05-09,109444,77141,32303,1242.0,1706,66.69,47.01,19.68,10396.0,"Moderna, Pfizer/BioNTech",Government of Curacao,https://bakuna.cw/
42,4351,Curacao,CUW,2021-05-10,110103,77334,32769,659.0,1368,67.1,47.13,19.97,8336.0,"Moderna, Pfizer/BioNTech",Government of Curacao,https://bakuna.cw/
43,4352,Curacao,CUW,2021-05-11,111446,77849,33597,1343.0,1235,67.91,47.44,20.47,7526.0,"Moderna, Pfizer/BioNTech",Government of Curacao,https://bakuna.cw/
44,4353,Curacao,CUW,2021-05-12,112966,78279,34687,1520.0,1035,68.84,47.7,21.14,6307.0,"Moderna, Pfizer/BioNTech",Government of Curacao,https://bakuna.cw/
45,4354,Curacao,CUW,2021-05-13,115561,78676,36885,2595.0,1227,70.42,47.94,22.48,7477.0,"Moderna, Pfizer/BioNTech",Government of Curacao,https://bakuna.cw/
46,4355,Curacao,CUW,2021-05-14,117613,78944,38669,2052.0,1432,71.67,48.11,23.56,8726.0,"Moderna, Pfizer/BioNTech",Government of Curacao,https://bakuna.cw/
47,4356,Curacao,CUW,2021-05-15,120109,79333,40776,2496.0,1701,73.19,48.34,24.85,10366.0,"Moderna, Pfizer/BioNTech",Government of Curacao,https://bakuna.cw/
48,4357,Curacao,CUW,2021-05-16,123637,79747,43890,3528.0,2028,75.34,48.6,26.75,12358.0,"Moderna, Pfizer/BioNTech",Government of Curacao,https://bakuna.cw/
49,4358,Curacao,CUW,2021-05-17,125633,79954,45679,1996.0,2219,76.56,48.72,27.84,13522.0,"Moderna, Pfizer/BioNTech",Government of Curacao,https://bakuna.cw/
50,4359,Curacao,CUW,2021-05-18,129059,80391,48668,3426.0,2516,78.65,48.99,29.66,15332.0,"Moderna, Pfizer/BioNTech",Government of Curacao,https://bakuna.cw/
51,4360,Curacao,CUW,2021-05-19,132406,80771,51635,3347.0,2777,80.69,49.22,31.47,16923.0,"Moderna, Pfizer/BioNTech",Government of Curacao,https://bakuna.cw/
52,4361,Curacao,CUW,2021-05-20,135302,81097,54205,2896.0,2820,82.45,49.42,33.03,17185.0,"Moderna, Pfizer/BioNTech",Government of Curacao,https://bakuna.cw/
53,4362,Curacao,CUW,2021-05-21,139995,81895,58100,4693.0,3197,85.31,49.91,35.41,19482.0,"Moderna, Pfizer/BioNTech",Government of Curacao,https://bakuna.cw/
54,4363,Curacao,CUW,2021-05-22,142102,82230,59872,2107.0,3142,86.59,50.11,36.49,19147.0,"Moderna, Pfizer/BioNTech",Government of Curacao,https://bakuna.cw/
55,4364,Curacao,CUW,2021-05-23,143089,82494,60595,987.0,2779,87.2,50.27,36.93,16935.0,"Moderna, Pfizer/BioNTech",Government of Curacao,https://bakuna.cw/
56,4365,Curacao,CUW,2021-05-24,144571,82814,61757,1482.0,2705,88.1,50.47,37.63,16484.0,"Moderna, Pfizer/BioNTech",Government of Curacao,https://bakuna.cw/
57,4366,Curacao,CUW,2021-05-25,147005,83290,63715,2434.0,2564,89.58,50.76,38.83,15625.0,"Moderna, Pfizer/BioNTech",Government of Curacao,https://bakuna.cw/
