,country,iso_code,date,total_vaccinations,people_vaccinated,people_fully_vaccinated,daily_vaccinations_raw,daily_vaccinations,total_vaccinations_per_hundred,people_vaccinated_per_hundred,people_fully_vaccinated_per_hundred,daily_vaccinations_per_million,vaccines,source_name,source_website
7902,Hong Kong,HKG,2021-02-22,47,0,0,,0,0.0,0.0,0.0,0.0,"Pfizer/BioNTech, Sinovac",Government of Hong Kong,https://www.covidvaccine.gov.hk/en/dashboard
7903,Hong Kong,HKG,2021-02-23,579,579,0,532.0,532,0.01,0.01,0.0,71.0,"Pfizer/BioNTech, Sinovac",Government of Hong Kong,https://www.covidvaccine.gov.hk/en/dashboard
7904,Hong Kong,HKG,2021-02-24,579,579,0,0.0,266,0.01,0.01,0.0,35.0,"Pfizer/BioNTech, Sinovac",Government of Hong Kong,https://www.covidvaccine.gov.hk/en/dashboard
7905,Hong Kong,HKG,2021-02-25,579,579,0,0.0,177,0.01,0.01,0.0,24.0,"Pfizer/BioNTech, Sinovac",Government of Hong Kong,https://www.covidvaccine.gov.hk/en/dashboard
7906,Hong Kong,HKG,2021-02-26,6645,6645,0,6066.0,1650,0.09,0.09,0.0,220.0,"Pfizer/BioNTech, Sinovac",Government of Hong Kong,https://www.covidvaccine.gov.hk/en/dashboard
7907,Hong Kong,HKG,2021-02-27,13685,13685,0,7040.0,2728,0.18,0.18,0.0,364.0,"Pfizer/BioNTech, Sinovac",Government of Hong Kong,https://www.covidvaccine.gov.hk/en/dashboard
7908,Hong Kong,HKG,2021-02-28,20701,20701,0,7016.0,3442,0.28,0.28,0.0,459.0,"Pfizer/BioNTech, Sinovac",Government of Hong Kong,https://www.covidvaccine.gov.hk/en/dashboard
7909,Hong Kong,HKG,2021-03-01,27109,27109,0,6408.0,3866,0.36,0.36,0.0,516.0,"Pfizer/BioNTech, Sinovac",Government of Hong Kong,https://www.covidvaccine.gov.hk/en/dashboard
7910,Hong Kong,HKG,2021-03-02,40181,40181,0,13072.0,5657,0.54,0.54,0.0,755.0,"Pfizer/BioNTech, Sinovac",Government of Hong Kong,https://www.covidvaccine.gov.hk/en/dashboard
7911,Hong Kong,HKG,2021-03-03,51849,51847,2,11668.0,7324,0.69,0.69,0.0,977.0,"Pfizer/BioNTech, Sinovac",Government of Hong Kong,https://www.covidvaccine.gov.hk/en/dashboard
7912,Hong Kong,HKG,2021-03-04,62238,62236,2,10389.0,8808,0.83,0.83,0.0,1175.0,"Pfizer/BioNTech, Sinovac",Government of Hong Kong,https://www.covidvaccine.gov.hk/en/dashboard
7913,Hong Kong,HKG,2021-03-05,72376,72374,2,10138.0,9390,0.97,0.97,0.0,1253.0,"Pfizer/BioNTech, Sinovac",Government of Hong Kong,https://www.covidvaccine.gov.hk/en/dashboard
7914,Hong Kong,HKG,2021-03-06,84034,84031,3,11658.0,10050,1.12,1.12,0.0,1341.0,"Pfizer/BioNTech, Sinovac",Government of Hong Kong,https://www.covidvaccine.gov.hk/en/dashboard
7915,Hong Kong,HKG,2021-03-07,93027,93023,4,8993.0,10332,1.24,1.24,0.0,1378.0,"Pfizer/BioNTech, Sinovac",Government of Hong Kong,https://www.covidvaccine.gov.hk/en/dashboard
7916,Hong Kong,HKG,2021-03-08,103852,103848,4,10825.0,10963,1.39,1.39,0.0,1462.0,"Pfizer/BioNTech, Sinovac",Government of Hong Kong,https://www.covidvaccine.gov.hk/en/dashboard
7917,Hong Kong,HKG,2021-03-09,113528,113523,5,9676.0,10478,1.51,1.51,0.0,1398.0,"Pfizer/BioNTech, Sinovac",Government of Hong Kong,https://www.covidvaccine.gov.hk/en/dashboard
7918,Hong Kong,HKG,2021-03-10,130551,130545,6,17023.0,11243,1.74,1.74,0.0,1500.0,"Pfizer/BioNTech, Sinovac",Government of Hong Kong,https://www.covidvaccine.gov.hk/en/dashboard
7919,Hong Kong,HKG,2021-03-11,145911,145905,6,15360.0,11953,1.95,1.95,0.0,1594.0,"Pfizer/BioNTech, Sinovac",Government of Hong Kong,https://www.covidvaccine.gov.hk/en/dashboard
7920,Hong Kong,HKG,2021-03-12,162233,162227,6,16322.0,12837,2.16,2.16,0.0,1712.0,"Pfizer/BioNTech, Sinovac",Government of Hong Kong,https://www.covidvaccine.gov.hk/en/dashboard
7921,Hong Kong,HKG,2021-03-13,177114,177107,7,14881.0,13297,2.36,2.36,0.0,1774.0,"Pfizer/BioNTech, Sinovac",Government of Hong Kong,https://www.covidvaccine.gov.hk/en/dashboard
7922,Hong Kong,HKG,2021-03-14,190734,190727,7,13620.0,13958,2.54,2.54,0.0,1862.0,"Pfizer/BioNTech, Sinovac",Government of Hong Kong,https://www.covidvaccine.gov.hk/en/dashboard
7923,Hong Kong,HKG,2021-03-15,206097,206090,7,15363.0,14606,2.75,2.75,0.0,1948.0,"Pfizer/BioNTech, Sinovac",Government of Hong Kong,https://www.covidvaccine.gov.hk/en/dashboard
7924,Hong Kong,HKG,2021-03-16,229424,229417,7,23327.0,16557,3.06,3.06,0.0,2208.0,"Pfizer/BioNTech, Sinovac",Government of Hong Kong,https://www.covidvaccine.gov.hk/en/dashboard
7925,Hong Kong,HKG,2021-03-17,254023,254016,7,24599.0,17639,3.39,3.39,0.0,2353.0,"Pfizer/BioNTech, Sinovac",Government of Hong Kong,https://www.covidvaccine.gov.hk/en/dashboard
7926,Hong Kong,HKG,2021-03-18,276649,276642,7,22626.0,18677,3.69,3.69,0.0,2491.0,"Pfizer/BioNTech, Sinovac",Government of Hong Kong,https://www.covidvaccine.gov.hk/en/dashboard
7927,Hong Kong,HKG,2021-03-19,304255,304248,7,27606.0,20289,4.06,4.06,0.0,2706.0,"Pfizer/BioNTech, Sinovac",Government of Hong Kong,https://www.covidvaccine.gov.hk/en/dashboard
7928,Hong Kong,HKG,2021-03-20,330624,330617,7,26369.0,21930,4.41,4.41,0.0,2925.0,"Pfizer/BioNTech, Sinovac",Government of Hong Kong,https://www.covidvaccine.gov.hk/en/dashboard
7929,Hong Kong,HKG,2021-03-21,354445,354438,7,23821.0,23387,4.73,4.73,0.0,3120.0,"Pfizer/BioNTech, Sinovac",Government of Hong Kong,https://www.covidvaccine.gov.hk/en/dashboard
7930,Hong Kong,HKG,2021-03-22,379699,379649,50,25254.0,24800,5.06,5.06,0.0,3308.0,"Pfizer/BioNTech, Sinovac",Government of Hong Kong,https://www.covidvaccine.gov.hk/en/dashboard
7931,Hong Kong,HKG,2021-03-23,403531,403086,445,23832.0,24872,5.38,5.38,0.01,3318.0,"Pfizer/BioNTech, Sinovac",Government of Hong Kong,https://www.covidvaccine.gov.hk/en/dashboard
7932,Hong Kong,HKG,2021-03-24,413306,412829,477,9775.0,22755,5.51,5.51,0.01,3035.0,"Pfizer/BioNTech, Sinovac",Government of Hong Kong,https://www.covidvaccine.gov.hk/en/dashboard
7933,Hong Kong,HKG,2021-03-25,421526,421021,505,8220.0,20697,5.62,5.62,0.01,2761.0,"Pfizer/BioNTech, Sinovac",Government of Hong Kong,https://www.covidvaccine.gov.hk/en/dashboard
7934,Hong Kong,HKG,2021-03-26,435243,429540,5703,13717.0,18713,5.81,5.73,0.08,2496.0,"Pfizer/BioNTech, Sinovac",Government of Hong Kong,https://www.covidvaccine.gov.hk/en/dashboard
7935,Hong Kong,HKG,2021-03-27,449283,437272,12011,14040.0,16951,5.99,5.83,0.16,2261.0,"Pfizer/BioNTech, Sinovac",Government of Hong Kong,https://www.covidvaccine.gov.hk/en/dashboard
7936,Hong Kong,HKG,2021-03-28,462457,443907,18550,13174.0,15430,6.17,5.92,0.25,2058.0,"Pfizer/BioNTech, Sinovac",Government of Hong Kong,https://www.covidvaccine.gov.hk/en/dashboard
7937,Hong Kong,HKG,2021-03-29,475128,450525,24603,12671.0,13633,6.34,6.01,0.33,1818.0,"Pfizer/BioNTech, Sinovac",Government of Hong Kong,https://www.covidvaccine.gov.hk/en/dashboard
7938,Hong Kong,HKG,2021-03-30,490326,455933,34393,15198.0,12399,6.54,6.08,0.46,1654.0,"Pfizer/BioNTech, Sinovac",Government of Hong Kong,https://www.covidvaccine.gov.hk/en/dashboard
7939,Hong Kong,HKG,2021-03-31,505106,461066,44040,14780.0,13114,6.74,6.15,0.59,1749.0,"Pfizer/BioNTech, Sinovac",Government of Hong Kong,https://www.covidvaccine.gov.hk/en/dashboard
7940,Hong Kong,HKG,2021-04-01,520382,466288,54094,15276.0,14122,6.94,6.22,0.72,1884.0,"Pfizer/BioNTech, Sinovac",Government of Hong Kong,https://www.covidvaccine.gov.hk/en/dashboard
7941,Hong Kong,HKG,2021-04-02,531242,471431,59811,10860.0,13714,7.09,6.29,0.8,1829.0,"Pfizer/BioNTech, Sinovac",Government of Hong Kong,https://www.covidvaccine.gov.hk/en/dashboard
7942,Hong Kong,HKG,2021-04-03,543991,475056,68935,12749.0,13530,7.26,6.34,0.92,1805.0,"Pfizer/BioNTech, Sinovac",Government of Hong Kong,https://www.covidvaccine.gov.hk/en/dashboard
7943,Hong Kong,HKG,2021-04-04,556075,478885,77190,12084.0,13374,7.42,6.39,1.03,1784.0,"Pfizer/BioNTech, Sinovac",Government of Hong Kong,https://www.covidvaccine.gov.hk/en/dashboard
7944,Hong Kong,HKG,2021-04-05,577241,486985,90256,21166.0,14588,7.7,6.5,1.2,1946.0,"Pfizer/BioNTech, Sinovac",Government of Hong Kong,https://www.covidvaccine.gov.hk/en/dashboard
7945,Hong Kong,HKG,2021-04-06,616009,502704,113305,38768.0,17955,8.22,6.71,1.51,2395.0,"Pfizer/BioNTech, Sinovac",Government of Hong Kong,https://www.covidvaccine.gov.hk/en/dashboard
7946,Hong Kong,HKG,2021-04-07,659796,516034,143762,43787.0,22099,8.8,6.88,1.92,2948.0,"Pfizer/BioNTech, Sinovac",Government of Hong Kong,https://www.covidvaccine.gov.hk/en/dashboard
7947,Hong Kong,HKG,2021-04-08,700314,529491,170823,40518.0,25705,9.34,7.06,2.28,3429.0,"Pfizer/BioNTech, Sinovac",Government of Hong Kong,https://www.covidvaccine.gov.hk/en/dashboard
7948,Hong Kong,HKG,2021-04-09,745045,543642,201403,44731.0,30543,9.94,7.25,2.69,4074.0,"Pfizer/BioNTech, Sinovac",Government of Hong Kong,https://www.covidvaccine.gov.hk/en/dashboard
7949,Hong Kong,HKG,2021-04-10,791560,559943,231617,46515.0,35367,10.56,7.47,3.09,4717.0,"Pfizer/BioNTech, Sinovac",Government of Hong Kong,https://www.covidvaccine.gov.hk/en/dashboard
7950,Hong Kong,HKG,2021-04-11,834901,578953,255948,43341.0,39832,11.14,7.72,3.41,5313.0,"Pfizer/BioNTech, Sinovac",Government of Hong Kong,https://www.covidvaccine.gov.hk/en/dashboard
7951,Hong Kong,HKG,2021-04-12,878251,597568,280683,43350.0,43001,11.71,7.97,3.74,5736.0,"Pfizer/BioNTech, Sinovac",Government of Hong Kong,https://www.covidvaccine.gov.hk/en/dashboard
7952,Hong Kong,HKG,2021-04-13,918966,615428,303538,40715.0,43280,12.26,8.21,4.05,5773.0,"Pfizer/BioNTech, Sinovac",Government of Hong Kong,https://www.covidvaccine.gov.hk/en/dashboard
7953,Hong Kong,HKG,2021-04-14,951124,632379,318745,32158.0,41618,12.69,8.44,4.25,5551.0,"Pfizer/BioNTech, Sinovac",Government of Hong Kong,https://www.covidvaccine.gov.hk/en/dashboard
7954,Hong Kong,HKG,2021-04-15,981107,649015,332092,29983.0,40113,13.09,8.66,4.43,5351.0,"Pfizer/BioNTech, Sinovac",Government of Hong Kong,https://www.covidvaccine.gov.hk/en/dashboard
7955,Hong Kong,HKG,2021-04-16,1017859,671898,345961,36752.0,38973,13.58,8.96,4.61,5198.0,"Pfizer/BioNTech, Sinovac",Government of Hong Kong,https://www.covidvaccine.gov.hk/en/dashboard
7956,Hong Kong,HKG,2021-04-17,1057284,697347,359937,39425.0,37961,14.1,9.3,4.8,5064.0,"Pfizer/BioNTech, Sinovac",Government of Hong Kong,https://www.covidvaccine.gov.hk/en/dashboard
7957,Hong Kong,HKG,2021-04-18,1091115,719916,371199,33831.0,36602,14.55,9.6,4.95,4882.0,"Pfizer/BioNTech, Sinovac",Government of Hong Kong,https://www.covidvaccine.gov.hk/en/dashboard
7958,Hong Kong,HKG,2021-04-19,1123584,741403,382181,32469.0,35048,14.99,9.89,5.1,4675.0,"Pfizer/BioNTech, Sinovac",Government of Hong Kong,https://www.covidvaccine.gov.hk/en/dashboard
7959,Hong Kong,HKG,2021-04-20,1149666,758691,390975,26082.0,32957,15.34,10.12,5.22,4396.0,"Pfizer/BioNTech, Sinovac",Government of Hong Kong,https://www.covidvaccine.gov.hk/en/dashboard
7960,Hong Kong,HKG,2021-04-21,1173105,773901,399204,23439.0,31712,15.65,10.32,5.32,4230.0,"Pfizer/BioNTech, Sinovac",Government of Hong Kong,https://www.covidvaccine.gov.hk/en/dashboard
7961,Hong Kong,HKG,2021-04-22,1196656,789292,407364,23551.0,30793,15.96,10.53,5.43,4107.0,"Pfizer/BioNTech, Sinovac",Government of Hong Kong,https://www.covidvaccine.gov.hk/en/dashboard
7962,Hong Kong,HKG,2021-04-23,1222888,806739,416149,26232.0,29290,16.31,10.76,5.55,3907.0,"Pfizer/BioNTech, Sinovac",Government of Hong Kong,https://www.covidvaccine.gov.hk/en/dashboard
7963,Hong Kong,HKG,2021-04-24,1253075,828266,424809,30187.0,27970,16.71,11.05,5.67,3731.0,"Pfizer/BioNTech, Sinovac",Government of Hong Kong,https://www.covidvaccine.gov.hk/en/dashboard
7964,Hong Kong,HKG,2021-04-25,1275186,842693,432493,22111.0,26296,17.01,11.24,5.77,3508.0,"Pfizer/BioNTech, Sinovac",Government of Hong Kong,https://www.covidvaccine.gov.hk/en/dashboard
7965,Hong Kong,HKG,2021-04-26,1302210,859950,442260,27024.0,25518,17.37,11.47,5.9,3404.0,"Pfizer/BioNTech, Sinovac",Government of Hong Kong,https://www.covidvaccine.gov.hk/en/dashboard
7966,Hong Kong,HKG,2021-04-27,1326878,872394,454484,24668.0,25316,17.7,11.64,6.06,3377.0,"Pfizer/BioNTech, Sinovac",Government of Hong Kong,https://www.covidvaccine.gov.hk/en/dashboard
7967,Hong Kong,HKG,2021-04-28,1351764,884185,467579,24886.0,25523,18.03,11.79,6.24,3404.0,"Pfizer/BioNTech, Sinovac",Government of Hong Kong,https://www.covidvaccine.gov.hk/en/dashboard
7968,Hong Kong,HKG,2021-04-29,1377519,897026,480493,25755.0,25838,18.37,11.97,6.41,3446.0,"Pfizer/BioNTech, Sinovac",Government of Hong Kong,https://www.covidvaccine.gov.hk/en/dashboard
7969,Hong Kong,HKG,2021-04-30,1413788,916331,497457,36269.0,27271,18.86,12.22,6.64,3638.0,"Pfizer/BioNTech, Sinovac",Government of Hong Kong,https://www.covidvaccine.gov.hk/en/dashboard
7970,Hong Kong,HKG,2021-05-01,1454427,936410,518017,40639.0,28765,19.4,12.49,6.91,3837.0,"Pfizer/BioNTech, Sinovac",Government of Hong Kong,https://www.covidvaccine.gov.hk/en/dashboard
7971,Hong Kong,HKG,2021-05-02,1491945,952160,539785,37518.0,30966,19.9,12.7,7.2,4130.0,"Pfizer/BioNTech, Sinovac",Government of Hong Kong,https://www.covidvaccine.gov.hk/en/dashboard
7972,Hong Kong,HKG,2021-05-03,1529668,971950,557718,37723.0,32494,20.4,12.96,7.44,4334.0,"Pfizer/BioNTech, Sinovac",Government of Hong Kong,https://www.covidvaccine.gov.hk/en/dashboard
7973,Hong Kong,HKG,2021-05-04,1562856,989783,573073,33188.0,33711,20.85,13.2,7.64,4497.0,"Pfizer/BioNTech, Sinovac",Government of Hong Kong,https://www.covidvaccine.gov.hk/en/dashboard
7974,Hong Kong,HKG,2021-05-05,1593633,1005445,588188,30777.0,34553,21.26,13.41,7.85,4609.0,"Pfizer/BioNTech, Sinovac",Government of Hong Kong,https://www.covidvaccine.gov.hk/en/dashboard
7975,Hong Kong,HKG,2021-05-06,1624072,1021240,602832,30439.0,35222,21.66,13.62,8.04,4698.0,"Pfizer/BioNTech, Sinovac",Government of Hong Kong,https://www.covidvaccine.gov.hk/en/dashboard
7976,Hong Kong,HKG,2021-05-07,1662382,1038385,623997,38310.0,35513,22.17,13.85,8.32,4737.0,"Pfizer/BioNTech, Sinovac",Government of Hong Kong,https://www.covidvaccine.gov.hk/en/dashboard
7977,Hong Kong,HKG,2021-05-08,1704469,1055537,648932,42087.0,35720,22.74,14.08,8.66,4765.0,"Pfizer/BioNTech, Sinovac",Government of Hong Kong,https://www.covidvaccine.gov.hk/en/dashboard
7978,Hong Kong,HKG,2021-05-09,1741688,1071478,670210,37219.0,35678,23.23,14.29,8.94,4759.0,"Pfizer/BioNTech, Sinovac",Government of Hong Kong,https://www.covidvaccine.gov.hk/en/dashboard
7979,Hong Kong,HKG,2021-05-10,1776576,1087223,689353,34888.0,35273,23.7,14.5,9.2,4705.0,"Pfizer/BioNTech, Sinovac",Government of Hong Kong,https://www.covidvaccine.gov.hk/en/dashboard
7980,Hong Kong,HKG,2021-05-11,1805086,1100447,704639,28510.0,34604,24.08,14.68,9.4,4616.0,"Pfizer/BioNTech, Sinovac",Government of Hong Kong,https://www.covidvaccine.gov.hk/en/dashboard
7981,Hong Kong,HKG,2021-05-12,1830872,1112113,718759,25786.0,33891,24.42,14.83,9.59,4521.0,"Pfizer/BioNTech, Sinovac",Government of Hong Kong,https://www.covidvaccine.gov.hk/en/dashboard
7982,Hong Kong,HKG,2021-05-13,1856648,1123415,733233,25776.0,33225,24.77,14.98,9.78,4432.0,"Pfizer/BioNTech, Sinovac",Government of Hong Kong,https://www.covidvaccine.gov.hk/en/dashboard
7983,Hong Kong,HKG,2021-05-14,1888631,1138091,750540,31983.0,32321,25.19,15.18,10.01,4311.0,"Pfizer/BioNTech, Sinovac",Government of Hong Kong,https://www.covidvaccine.gov.hk/en/dashboard
7984,Hong Kong,HKG,2021-05-15,1926263,1153994,772269,37632.0,31685,25.69,15.39,10.3,4226.0,"Pfizer/BioNTech, Sinovac",Government of Hong Kong,https://www.covidvaccine.gov.hk/en/dashboard
7985,Hong Kong,HKG,2021-05-16,1955095,1167893,787202,28832.0,30487,26.08,15.58,10.5,4067.0,"Pfizer/BioNTech, Sinovac",Government of Hong Kong,https://www.covidvaccine.gov.hk/en/dashboard
7986,Hong Kong,HKG,2021-05-17,1984351,1180471,803880,29256.0,29682,26.47,15.75,10.72,3959.0,"Pfizer/BioNTech, Sinovac",Government of Hong Kong,https://www.covidvaccine.gov.hk/en/dashboard
7987,Hong Kong,HKG,2021-05-18,2010393,1193662,816731,26042.0,29330,26.82,15.92,10.89,3912.0,"Pfizer/BioNTech, Sinovac",Government of Hong Kong,https://www.covidvaccine.gov.hk/en/dashboard
7988,Hong Kong,HKG,2021-05-19,2026560,1202406,824154,16167.0,27955,27.03,16.04,10.99,3729.0,"Pfizer/BioNTech, Sinovac",Government of Hong Kong,https://www.covidvaccine.gov.hk/en/dashboard
7989,Hong Kong,HKG,2021-05-20,2050343,1213165,837178,23783.0,27671,27.35,16.18,11.17,3691.0,"Pfizer/BioNTech, Sinovac",Government of Hong Kong,https://www.covidvaccine.gov.hk/en/dashboard
7990,Hong Kong,HKG,2021-05-21,2081185,1227175,854010,30842.0,27508,27.76,16.37,11.39,3669.0,"Pfizer/BioNTech, Sinovac",Government of Hong Kong,https://www.covidvaccine.gov.hk/en/dashboard
7991,Hong Kong,HKG,2021-05-22,2117833,1243032,874801,36648.0,27367,28.25,16.58,11.67,3650.0,"Pfizer/BioNTech, Sinovac",Government of Hong Kong,https://www.covidvaccine.gov.hk/en/dashboard
7992,Hong Kong,HKG,2021-05-23,2146669,1254840,891829,28836.0,27368,28.63,16.74,11.9,3651.0,"Pfizer/BioNTech, Sinovac",Government of Hong Kong,https://www.covidvaccine.gov.hk/en/dashboard
7993,Hong Kong,HKG,2021-05-24,2175047,1267489,907558,28378.0,27242,29.01,16.91,12.11,3634.0,"Pfizer/BioNTech, Sinovac",Government of Hong Kong,https://www.covidvaccine.gov.hk/en/dashboard
7994,Hong Kong,HKG,2021-05-25,2200108,1278611,921497,25061.0,27102,29.35,17.05,12.29,3615.0,"Pfizer/BioNTech, Sinovac",Government of Hong Kong,https://www.covidvaccine.gov.hk/en/dashboard
