,country,iso_code,date,total_vaccinations,people_vaccinated,people_fully_vaccinated,daily_vaccinations_raw,daily_vaccinations,total_vaccinations_per_hundred,people_vaccinated_per_hundred,people_fully_vaccinated_per_hundred,daily_vaccinations_per_million,vaccines,source_name,source_website
11193,Malaysia,MYS,2021-02-23,0,0,0,,0,0.0,0.0,0.0,0.0,"Oxford/AstraZeneca, Pfizer/BioNTech, Sinovac",Government of Malaysia,https://www.vaksincovid.gov.my/statistik/
11194,Malaysia,MYS,2021-02-24,895,895,0,,895,0.0027555333881361206,0.0027555333881361206,0.0,28.0,"Oxford/AstraZeneca, Pfizer/BioNTech, Sinovac",Government of Malaysia,https://www.vaksincovid.gov.my/statistik/
11195,Malaysia,MYS,2021-02-25,1790,1790,0,,895,0.005511066776272241,0.005511066776272241,0.0,28.0,"Oxford/AstraZeneca, Pfizer/BioNTech, Sinovac",Government of Malaysia,https://www.vaksincovid.gov.my/statistik/
11196,Malaysia,MYS,2021-02-26,2685,2685,0,,895,0.008266600164408361,0.008266600164408361,0.0,28.0,"Oxford/AstraZeneca, Pfizer/BioNTech, Sinovac",Government of Malaysia,https://www.vaksincovid.gov.my/statistik/
11197,Malaysia,MYS,2021-02-27,3580,3580,0,,895,0.01,0.01,0.0,28.0,"Oxford/AstraZeneca, Pfizer/BioNTech, Sinovac",Government of Malaysia,https://www.vaksincovid.gov.my/statistik/
11198,Malaysia,MYS,2021-02-28,14416,14416,0,,2883,0.04438409980264839,0.04438409980264839,0.0,89.0,"Oxford/AstraZeneca, Pfizer/BioNTech, Sinovac",Government of Malaysia,https://www.vaksincovid.gov.my/statistik/
11199,Malaysia,MYS,2021-03-01,25252,25252,0,,4209,0.08,0.08,0.0,130.0,"Oxford/AstraZeneca, Pfizer/BioNTech, Sinovac",Government of Malaysia,https://www.vaksincovid.gov.my/statistik/
11200,Malaysia,MYS,2021-03-02,53287,53287,0,28035.0,7612,0.16,0.16,0.0,235.0,"Oxford/AstraZeneca, Pfizer/BioNTech, Sinovac",Government of Malaysia,https://www.vaksincovid.gov.my/statistik/
11201,Malaysia,MYS,2021-03-03,80336,80336,0,27049.0,11349,0.25,0.25,0.0,351.0,"Oxford/AstraZeneca, Pfizer/BioNTech, Sinovac",Government of Malaysia,https://www.vaksincovid.gov.my/statistik/
11202,Malaysia,MYS,2021-03-04,99616,99616,0,19280.0,13975,0.31,0.31,0.0,432.0,"Oxford/AstraZeneca, Pfizer/BioNTech, Sinovac",Government of Malaysia,https://www.vaksincovid.gov.my/statistik/
11203,Malaysia,MYS,2021-03-05,112914,112914,0,13298.0,15747,0.35,0.35,0.0,487.0,"Oxford/AstraZeneca, Pfizer/BioNTech, Sinovac",Government of Malaysia,https://www.vaksincovid.gov.my/statistik/
11204,Malaysia,MYS,2021-03-06,127608,127608,0,14694.0,17718,0.39,0.39,0.0,547.0,"Oxford/AstraZeneca, Pfizer/BioNTech, Sinovac",Government of Malaysia,https://www.vaksincovid.gov.my/statistik/
11205,Malaysia,MYS,2021-03-07,139720,139720,0,12112.0,17901,0.43,0.43,0.0,553.0,"Oxford/AstraZeneca, Pfizer/BioNTech, Sinovac",Government of Malaysia,https://www.vaksincovid.gov.my/statistik/
11206,Malaysia,MYS,2021-03-08,166363,166363,0,26643.0,20159,0.51,0.51,0.0,623.0,"Oxford/AstraZeneca, Pfizer/BioNTech, Sinovac",Government of Malaysia,https://www.vaksincovid.gov.my/statistik/
11207,Malaysia,MYS,2021-03-09,195923,195923,0,29560.0,20377,0.61,0.61,0.0,630.0,"Oxford/AstraZeneca, Pfizer/BioNTech, Sinovac",Government of Malaysia,https://www.vaksincovid.gov.my/statistik/
11208,Malaysia,MYS,2021-03-10,223923,223923,0,28000.0,20512,0.69,0.69,0.0,634.0,"Oxford/AstraZeneca, Pfizer/BioNTech, Sinovac",Government of Malaysia,https://www.vaksincovid.gov.my/statistik/
11209,Malaysia,MYS,2021-03-11,249909,249909,0,25986.0,21470,0.77,0.77,0.0,663.0,"Oxford/AstraZeneca, Pfizer/BioNTech, Sinovac",Government of Malaysia,https://www.vaksincovid.gov.my/statistik/
11210,Malaysia,MYS,2021-03-12,275851,275851,0,25942.0,23277,0.85,0.85,0.0,719.0,"Oxford/AstraZeneca, Pfizer/BioNTech, Sinovac",Government of Malaysia,https://www.vaksincovid.gov.my/statistik/
11211,Malaysia,MYS,2021-03-13,292104,292104,0,16253.0,23499,0.9,0.9,0.0,726.0,"Oxford/AstraZeneca, Pfizer/BioNTech, Sinovac",Government of Malaysia,https://www.vaksincovid.gov.my/statistik/
11212,Malaysia,MYS,2021-03-14,301699,301699,0,9595.0,23140,0.93,0.93,0.0,715.0,"Oxford/AstraZeneca, Pfizer/BioNTech, Sinovac",Government of Malaysia,https://www.vaksincovid.gov.my/statistik/
11213,Malaysia,MYS,2021-03-15,321331,321331,0,19632.0,22138,0.99,0.99,0.0,684.0,"Oxford/AstraZeneca, Pfizer/BioNTech, Sinovac",Government of Malaysia,https://www.vaksincovid.gov.my/statistik/
11214,Malaysia,MYS,2021-03-16,346508,346508,0,25177.0,21512,1.07,1.07,0.0,665.0,"Oxford/AstraZeneca, Pfizer/BioNTech, Sinovac",Government of Malaysia,https://www.vaksincovid.gov.my/statistik/
11215,Malaysia,MYS,2021-03-17,367213,367213,0,20705.0,20470,1.13,1.13,0.0,632.0,"Oxford/AstraZeneca, Pfizer/BioNTech, Sinovac",Government of Malaysia,https://www.vaksincovid.gov.my/statistik/
11216,Malaysia,MYS,2021-03-18,385126,384334,792,17913.0,19317,1.19,1.19,0.0,597.0,"Oxford/AstraZeneca, Pfizer/BioNTech, Sinovac",Government of Malaysia,https://www.vaksincovid.gov.my/statistik/
11217,Malaysia,MYS,2021-03-19,399525,395006,4519,14399.0,17668,1.23,1.22,0.01,546.0,"Oxford/AstraZeneca, Pfizer/BioNTech, Sinovac",Government of Malaysia,https://www.vaksincovid.gov.my/statistik/
11218,Malaysia,MYS,2021-03-20,413254,402650,10604,13729.0,17307,1.28,1.24,0.03,535.0,"Oxford/AstraZeneca, Pfizer/BioNTech, Sinovac",Government of Malaysia,https://www.vaksincovid.gov.my/statistik/
11219,Malaysia,MYS,2021-03-21,428710,412342,16368,15456.0,18144,1.32,1.27,0.05,561.0,"Oxford/AstraZeneca, Pfizer/BioNTech, Sinovac",Government of Malaysia,https://www.vaksincovid.gov.my/statistik/
11220,Malaysia,MYS,2021-03-22,452919,422058,30861,24209.0,18798,1.4,1.3,0.1,581.0,"Oxford/AstraZeneca, Pfizer/BioNTech, Sinovac",Government of Malaysia,https://www.vaksincovid.gov.my/statistik/
11221,Malaysia,MYS,2021-03-23,481989,429868,52121,29070.0,19354,1.49,1.33,0.16,598.0,"Oxford/AstraZeneca, Pfizer/BioNTech, Sinovac",Government of Malaysia,https://www.vaksincovid.gov.my/statistik/
11222,Malaysia,MYS,2021-03-24,510976,436687,74289,28987.0,20538,1.58,1.35,0.23,635.0,"Oxford/AstraZeneca, Pfizer/BioNTech, Sinovac",Government of Malaysia,https://www.vaksincovid.gov.my/statistik/
11223,Malaysia,MYS,2021-03-25,536681,443124,93557,25705.0,21651,1.66,1.37,0.29,669.0,"Oxford/AstraZeneca, Pfizer/BioNTech, Sinovac",Government of Malaysia,https://www.vaksincovid.gov.my/statistik/
11224,Malaysia,MYS,2021-03-26,551548,446617,104931,14867.0,21718,1.7,1.38,0.32,671.0,"Oxford/AstraZeneca, Pfizer/BioNTech, Sinovac",Government of Malaysia,https://www.vaksincovid.gov.my/statistik/
11225,Malaysia,MYS,2021-03-27,566200,448187,118013,14652.0,21849,1.75,1.38,0.36,675.0,"Oxford/AstraZeneca, Pfizer/BioNTech, Sinovac",Government of Malaysia,https://www.vaksincovid.gov.my/statistik/
11226,Malaysia,MYS,2021-03-28,580765,451655,129110,14565.0,21722,1.79,1.4,0.4,671.0,"Oxford/AstraZeneca, Pfizer/BioNTech, Sinovac",Government of Malaysia,https://www.vaksincovid.gov.my/statistik/
11227,Malaysia,MYS,2021-03-29,621417,461907,159510,40652.0,24071,1.92,1.43,0.49,744.0,"Oxford/AstraZeneca, Pfizer/BioNTech, Sinovac",Government of Malaysia,https://www.vaksincovid.gov.my/statistik/
11228,Malaysia,MYS,2021-03-30,661661,473276,188385,40244.0,25667,2.04,1.46,0.58,793.0,"Oxford/AstraZeneca, Pfizer/BioNTech, Sinovac",Government of Malaysia,https://www.vaksincovid.gov.my/statistik/
11229,Malaysia,MYS,2021-03-31,698203,482808,215395,36542.0,26747,2.16,1.49,0.67,826.0,"Oxford/AstraZeneca, Pfizer/BioNTech, Sinovac",Government of Malaysia,https://www.vaksincovid.gov.my/statistik/
11230,Malaysia,MYS,2021-04-01,740226,498468,241758,42023.0,29078,2.29,1.54,0.75,898.0,"Oxford/AstraZeneca, Pfizer/BioNTech, Sinovac",Government of Malaysia,https://www.vaksincovid.gov.my/statistik/
11231,Malaysia,MYS,2021-04-02,770653,506069,264584,30427.0,31301,2.38,1.56,0.82,967.0,"Oxford/AstraZeneca, Pfizer/BioNTech, Sinovac",Government of Malaysia,https://www.vaksincovid.gov.my/statistik/
11232,Malaysia,MYS,2021-04-03,787504,508481,279023,16851.0,31615,2.43,1.57,0.86,977.0,"Oxford/AstraZeneca, Pfizer/BioNTech, Sinovac",Government of Malaysia,https://www.vaksincovid.gov.my/statistik/
11233,Malaysia,MYS,2021-04-04,801773,514036,287737,14269.0,31573,2.48,1.59,0.89,975.0,"Oxford/AstraZeneca, Pfizer/BioNTech, Sinovac",Government of Malaysia,https://www.vaksincovid.gov.my/statistik/
11234,Malaysia,MYS,2021-04-05,830036,523233,306803,28263.0,29803,2.56,1.62,0.95,921.0,"Oxford/AstraZeneca, Pfizer/BioNTech, Sinovac",Government of Malaysia,https://www.vaksincovid.gov.my/statistik/
11235,Malaysia,MYS,2021-04-06,862445,534191,328254,32409.0,28683,2.66,1.65,1.01,886.0,"Oxford/AstraZeneca, Pfizer/BioNTech, Sinovac",Government of Malaysia,https://www.vaksincovid.gov.my/statistik/
11236,Malaysia,MYS,2021-04-07,893032,546762,346270,30587.0,27833,2.76,1.69,1.07,860.0,"Oxford/AstraZeneca, Pfizer/BioNTech, Sinovac",Government of Malaysia,https://www.vaksincovid.gov.my/statistik/
11237,Malaysia,MYS,2021-04-08,919721,558750,360971,26689.0,25642,2.84,1.73,1.12,792.0,"Oxford/AstraZeneca, Pfizer/BioNTech, Sinovac",Government of Malaysia,https://www.vaksincovid.gov.my/statistik/
11238,Malaysia,MYS,2021-04-09,941200,565940,375260,21479.0,24364,2.91,1.75,1.16,753.0,"Oxford/AstraZeneca, Pfizer/BioNTech, Sinovac",Government of Malaysia,https://www.vaksincovid.gov.my/statistik/
11239,Malaysia,MYS,2021-04-10,956723,571472,385251,15523.0,24174,2.96,1.77,1.19,747.0,"Oxford/AstraZeneca, Pfizer/BioNTech, Sinovac",Government of Malaysia,https://www.vaksincovid.gov.my/statistik/
11240,Malaysia,MYS,2021-04-11,979794,583903,395891,23071.0,25432,3.03,1.8,1.22,786.0,"Oxford/AstraZeneca, Pfizer/BioNTech, Sinovac",Government of Malaysia,https://www.vaksincovid.gov.my/statistik/
11241,Malaysia,MYS,2021-04-12,1018937,609153,409784,39143.0,26986,3.15,1.88,1.27,834.0,"Oxford/AstraZeneca, Pfizer/BioNTech, Sinovac",Government of Malaysia,https://www.vaksincovid.gov.my/statistik/
11242,Malaysia,MYS,2021-04-13,1050138,632668,417470,31201.0,26813,3.24,1.95,1.29,828.0,"Oxford/AstraZeneca, Pfizer/BioNTech, Sinovac",Government of Malaysia,https://www.vaksincovid.gov.my/statistik/
11243,Malaysia,MYS,2021-04-14,1078695,653531,425164,28557.0,26523,3.33,2.02,1.31,819.0,"Oxford/AstraZeneca, Pfizer/BioNTech, Sinovac",Government of Malaysia,https://www.vaksincovid.gov.my/statistik/
11244,Malaysia,MYS,2021-04-15,1105890,671589,434301,27195.0,26596,3.42,2.07,1.34,822.0,"Oxford/AstraZeneca, Pfizer/BioNTech, Sinovac",Government of Malaysia,https://www.vaksincovid.gov.my/statistik/
11245,Malaysia,MYS,2021-04-16,1125396,687176,438220,19506.0,26314,3.48,2.12,1.35,813.0,"Oxford/AstraZeneca, Pfizer/BioNTech, Sinovac",Government of Malaysia,https://www.vaksincovid.gov.my/statistik/
11246,Malaysia,MYS,2021-04-17,1135015,695729,439286,9619.0,25470,3.51,2.15,1.36,787.0,"Oxford/AstraZeneca, Pfizer/BioNTech, Sinovac",Government of Malaysia,https://www.vaksincovid.gov.my/statistik/
11247,Malaysia,MYS,2021-04-18,1144841,701812,443029,9826.0,23578,3.54,2.17,1.37,728.0,"Oxford/AstraZeneca, Pfizer/BioNTech, Sinovac",Government of Malaysia,https://www.vaksincovid.gov.my/statistik/
11248,Malaysia,MYS,2021-04-19,1177648,726411,451237,32807.0,22673,3.64,2.24,1.39,701.0,"Oxford/AstraZeneca, Pfizer/BioNTech, Sinovac",Government of Malaysia,https://www.vaksincovid.gov.my/statistik/
11249,Malaysia,MYS,2021-04-20,1210779,748444,462335,33131.0,22949,3.74,2.31,1.43,709.0,"Oxford/AstraZeneca, Pfizer/BioNTech, Sinovac",Government of Malaysia,https://www.vaksincovid.gov.my/statistik/
11250,Malaysia,MYS,2021-04-21,1231760,757547,474213,20981.0,21866,3.81,2.34,1.47,676.0,"Oxford/AstraZeneca, Pfizer/BioNTech, Sinovac",Government of Malaysia,https://www.vaksincovid.gov.my/statistik/
11251,Malaysia,MYS,2021-04-22,1260937,771829,489108,29177.0,22150,3.9,2.38,1.51,684.0,"Oxford/AstraZeneca, Pfizer/BioNTech, Sinovac",Government of Malaysia,https://www.vaksincovid.gov.my/statistik/
11252,Malaysia,MYS,2021-04-23,1279737,783987,495750,18800.0,22049,3.95,2.42,1.53,681.0,"Oxford/AstraZeneca, Pfizer/BioNTech, Sinovac",Government of Malaysia,https://www.vaksincovid.gov.my/statistik/
11253,Malaysia,MYS,2021-04-24,1290414,791910,498504,10677.0,22200,3.99,2.45,1.54,686.0,"Oxford/AstraZeneca, Pfizer/BioNTech, Sinovac",Government of Malaysia,https://www.vaksincovid.gov.my/statistik/
11254,Malaysia,MYS,2021-04-25,1305161,800996,504165,14747.0,22903,4.03,2.47,1.56,708.0,"Oxford/AstraZeneca, Pfizer/BioNTech, Sinovac",Government of Malaysia,https://www.vaksincovid.gov.my/statistik/
11255,Malaysia,MYS,2021-04-26,1335245,822201,513044,30084.0,22514,4.13,2.54,1.59,696.0,"Oxford/AstraZeneca, Pfizer/BioNTech, Sinovac",Government of Malaysia,https://www.vaksincovid.gov.my/statistik/
11256,Malaysia,MYS,2021-04-27,1369749,844906,524843,34504.0,22710,4.23,2.61,1.62,702.0,"Oxford/AstraZeneca, Pfizer/BioNTech, Sinovac",Government of Malaysia,https://www.vaksincovid.gov.my/statistik/
11257,Malaysia,MYS,2021-04-28,1409215,871219,537996,39466.0,25351,4.35,2.69,1.66,783.0,"Oxford/AstraZeneca, Pfizer/BioNTech, Sinovac",Government of Malaysia,https://www.vaksincovid.gov.my/statistik/
11258,Malaysia,MYS,2021-04-29,1421664,877646,544018,12449.0,22961,4.39,2.71,1.68,709.0,"Oxford/AstraZeneca, Pfizer/BioNTech, Sinovac",Government of Malaysia,https://www.vaksincovid.gov.my/statistik/
11259,Malaysia,MYS,2021-04-30,1428100,880653,547446,,21195,4.396846068823679,2.71136172610306,1.6854812639123646,655.0,"Oxford/AstraZeneca, Pfizer/BioNTech, Sinovac",Government of Malaysia,https://www.vaksincovid.gov.my/statistik/
11260,Malaysia,MYS,2021-05-01,1434537,883661,550876,,20589,4.43,2.73,1.7,636.0,"Oxford/AstraZeneca, Pfizer/BioNTech, Sinovac",Government of Malaysia,https://www.vaksincovid.gov.my/statistik/
11261,Malaysia,MYS,2021-05-02,1469033,905683,563350,34496.0,23410,4.54,2.8,1.74,723.0,"Oxford/AstraZeneca, Pfizer/BioNTech, Sinovac",Government of Malaysia,https://www.vaksincovid.gov.my/statistik/
11262,Malaysia,MYS,2021-05-03,1500202,914663,585539,31169.0,23565,4.64,2.83,1.81,728.0,"Oxford/AstraZeneca, Pfizer/BioNTech, Sinovac",Government of Malaysia,https://www.vaksincovid.gov.my/statistik/
11263,Malaysia,MYS,2021-05-04,1569609,960070,609539,69407.0,28551,4.85,2.97,1.88,882.0,"Oxford/AstraZeneca, Pfizer/BioNTech, Sinovac",Government of Malaysia,https://www.vaksincovid.gov.my/statistik/
11264,Malaysia,MYS,2021-05-05,1624272,991906,632366,54663.0,30722,5.02,3.06,1.95,949.0,"Oxford/AstraZeneca, Pfizer/BioNTech, Sinovac",Government of Malaysia,https://www.vaksincovid.gov.my/statistik/
11265,Malaysia,MYS,2021-05-06,1679765,1028693,651072,55493.0,36872,5.19,3.18,2.01,1139.0,"Oxford/AstraZeneca, Pfizer/BioNTech, Sinovac",Government of Malaysia,https://www.vaksincovid.gov.my/statistik/
11266,Malaysia,MYS,2021-05-07,1707460,1045377,662083,27695.0,39908,5.28,3.23,2.05,1233.0,"Oxford/AstraZeneca, Pfizer/BioNTech, Sinovac",Government of Malaysia,https://www.vaksincovid.gov.my/statistik/
11267,Malaysia,MYS,2021-05-08,1734348,1063898,670450,26888.0,42830,5.36,3.29,2.07,1323.0,"Oxford/AstraZeneca, Pfizer/BioNTech, Sinovac",Government of Malaysia,https://www.vaksincovid.gov.my/statistik/
11268,Malaysia,MYS,2021-05-09,1766651,1089637,677014,32303.0,42517,5.46,3.37,2.09,1314.0,"Oxford/AstraZeneca, Pfizer/BioNTech, Sinovac",Government of Malaysia,https://www.vaksincovid.gov.my/statistik/
11269,Malaysia,MYS,2021-05-10,1821621,1123061,698559,,45917,5.6084217721004554,3.457689477557027,2.1507292157351734,1419.0,"Oxford/AstraZeneca, Pfizer/BioNTech, Sinovac",Government of Malaysia,https://www.vaksincovid.gov.my/statistik/
11270,Malaysia,MYS,2021-05-11,1876591,1156486,720105,,43855,5.8,3.57,2.22,1355.0,"Oxford/AstraZeneca, Pfizer/BioNTech, Sinovac",Government of Malaysia,https://www.vaksincovid.gov.my/statistik/
11271,Malaysia,MYS,2021-05-12,1894630,1166737,727893,18039.0,38623,5.85,3.6,2.25,1193.0,"Oxford/AstraZeneca, Pfizer/BioNTech, Sinovac",Government of Malaysia,https://www.vaksincovid.gov.my/statistik/
11272,Malaysia,MYS,2021-05-13,1894704,1166803,727901,,30706,5.833430315793363,3.5923627082428933,2.241067607550469,949.0,"Oxford/AstraZeneca, Pfizer/BioNTech, Sinovac",Government of Malaysia,https://www.vaksincovid.gov.my/statistik/
11273,Malaysia,MYS,2021-05-14,1894779,1166869,727910,,26760,5.85,3.61,2.25,827.0,"Oxford/AstraZeneca, Pfizer/BioNTech, Sinovac",Government of Malaysia,https://www.vaksincovid.gov.my/statistik/
11274,Malaysia,MYS,2021-05-15,1905529,1177030,728499,10750.0,24454,5.89,3.64,2.25,756.0,"Oxford/AstraZeneca, Pfizer/BioNTech, Sinovac",Government of Malaysia,https://www.vaksincovid.gov.my/statistik/
11275,Malaysia,MYS,2021-05-16,1915824,1186999,728825,10295.0,21310,5.92,3.67,2.25,658.0,"Oxford/AstraZeneca, Pfizer/BioNTech, Sinovac",Government of Malaysia,https://www.vaksincovid.gov.my/statistik/
11276,Malaysia,MYS,2021-05-17,1976085,1219234,756851,60261.0,22066,6.11,3.77,2.34,682.0,"Oxford/AstraZeneca, Pfizer/BioNTech, Sinovac",Government of Malaysia,https://www.vaksincovid.gov.my/statistik/
11277,Malaysia,MYS,2021-05-18,2052636,1263585,789051,76551.0,25149,6.34,3.9,2.44,777.0,"Oxford/AstraZeneca, Pfizer/BioNTech, Sinovac",Government of Malaysia,https://www.vaksincovid.gov.my/statistik/
11278,Malaysia,MYS,2021-05-19,2303580,1412751,890829,250944.0,58421,7.12,4.36,2.75,1805.0,"Oxford/AstraZeneca, Pfizer/BioNTech, Sinovac",Government of Malaysia,https://www.vaksincovid.gov.my/statistik/
11279,Malaysia,MYS,2021-05-20,2384183,1471500,912683,80603.0,69926,7.37,4.55,2.82,2160.0,"Oxford/AstraZeneca, Pfizer/BioNTech, Sinovac",Government of Malaysia,https://www.vaksincovid.gov.my/statistik/
11280,Malaysia,MYS,2021-05-21,2444780,1513419,931361,60597.0,78572,7.55,4.68,2.88,2428.0,"Oxford/AstraZeneca, Pfizer/BioNTech, Sinovac",Government of Malaysia,https://www.vaksincovid.gov.my/statistik/
11281,Malaysia,MYS,2021-05-22,2489988,1555497,934491,45208.0,83494,7.69,4.81,2.89,2580.0,"Oxford/AstraZeneca, Pfizer/BioNTech, Sinovac",Government of Malaysia,https://www.vaksincovid.gov.my/statistik/
11282,Malaysia,MYS,2021-05-23,2535975,1593151,942824,45987.0,88593,7.84,4.92,2.91,2737.0,"Oxford/AstraZeneca, Pfizer/BioNTech, Sinovac",Government of Malaysia,https://www.vaksincovid.gov.my/statistik/
11283,Malaysia,MYS,2021-05-24,2630984,1662273,968711,95009.0,93557,8.13,5.14,2.99,2891.0,"Oxford/AstraZeneca, Pfizer/BioNTech, Sinovac",Government of Malaysia,https://www.vaksincovid.gov.my/statistik/
11284,Malaysia,MYS,2021-05-25,2730536,1731231,999305,99552.0,96843,8.44,5.35,3.09,2992.0,"Oxford/AstraZeneca, Pfizer/BioNTech, Sinovac",Government of Malaysia,https://www.vaksincovid.gov.my/statistik/
